1	1 1 4 6	4.38	99.2%	4.63	1.47
2	1 1 11 11	4.4	99.6%	4.66	1.44
3	1 1 3 8	4.43	99.2%	4.68	1.48
4	1 1 1 8	4.44	98.9%	4.64	1.25
5	6 6 6 6	4.58	99.5%	4.8	1.48
6	1 1 2 12	4.59	99.1%	4.91	1.56
7	1 2 2 6	4.78	99.2%	5.14	1.6
8	1 1 10 12	4.79	99.1%	5.04	1.55
9	1 1 1 12	4.82	99.2%	5.15	1.63
10	2 2 10 10	4.82	98.2%	5.11	1.62
11	1 1 2 8	4.93	97.8%	5.28	1.75
12	1 1 4 8	4.95	98.2%	5.33	1.83
13	4 6 11 11	4.96	98.9%	5.34	1.72
14	1 1 5 8	4.97	96.5%	5.36	1.83
15	1 1 12 12	4.99	99.3%	5.35	1.62
16	1 1 3 12	5	97.4%	5.34	1.83
17	1 1 4 12	5	97.5%	5.41	1.82
18	3 3 3 8	5	97.9%	5.36	1.78
19	2 2 2 12	5.01	99.1%	5.36	1.71
20	1 1 2 6	5.05	98.4%	5.37	1.6
21	11 11 12 12	5.05	98.7%	5.46	1.87
22	1 1 2 11	5.08	98.9%	5.39	1.7
23	1 2 3 4	5.08	99.1%	5.43	1.83
24	3 7 7 8	5.08	96.7%	5.46	1.89
25	1 1 2 13	5.13	98.7%	5.45	1.77
26	1 1 13 13	5.13	99.3%	5.42	1.64
27	1 2 4 12	5.13	97.7%	5.53	1.99
28	7 7 12 12	5.13	98.6%	5.52	1.85
29	1 1 3 6	5.15	97.7%	5.48	1.75
30	1 1 3 9	5.15	97.1%	5.48	1.85
31	4 6 7 7	5.15	98.6%	5.5	1.84
32	1 1 5 6	5.16	96.8%	5.58	2.02
33	1 1 11 13	5.2	99%	5.63	1.84
34	4 5 12 12	5.2	96.9%	5.57	1.79
35	2 11 11 12	5.21	97.1%	5.63	1.97
36	4 6 13 13	5.21	98.7%	5.59	1.77
37	1 6 6 12	5.22	98.7%	5.53	1.7
38	4 4 4 6	5.22	98.1%	5.58	1.94
39	12 12 12 12	5.23	99.3%	5.7	2.12
40	1 1 1 11	5.24	97.3%	5.53	1.64
41	2 7 7 12	5.25	98.7%	5.62	1.87
42	1 1 11 12	5.26	99.3%	5.64	1.79
43	1 5 7 12	5.27	98.3%	5.83	2.1
44	10 10 12 12	5.27	98.6%	5.68	1.87
45	1 8 8 8	5.29	97.7%	5.61	1.93
46	2 9 9 12	5.29	97.3%	5.7	1.99
47	3 8 13 13	5.29	94.9%	5.63	2.05
48	11 11 11 12	5.29	94.8%	5.58	1.98
49	2 2 3 8	5.31	98.1%	5.7	1.93
50	9 9 12 12	5.31	98.4%	5.81	2.1
51	1 1 4 5	5.33	97.7%	5.7	2
52	1 1 5 5	5.33	99.1%	5.67	1.79
53	12 12 13 13	5.33	98.6%	5.73	1.88
54	3 3 12 12	5.34	98.7%	5.81	2.03
55	8 8 12 12	5.34	98.5%	5.75	1.93
56	1 6 8 12	5.35	97%	5.74	1.98
57	5 6 12 12	5.37	97.1%	5.77	1.82
58	11 12 12 12	5.38	97.7%	5.7	1.86
59	1 3 5 12	5.39	96.4%	5.75	2.08
60	1 9 9 12	5.39	95.5%	5.67	1.76
61	3 8 11 11	5.39	95.9%	5.72	2.08
62	1 1 12 13	5.4	98.7%	5.77	1.84
63	5 5 12 12	5.4	98.6%	5.75	1.73
64	3 4 4 8	5.41	98.2%	5.82	1.94
65	3 8 10 10	5.41	95.7%	5.86	2.25
66	3 8 9 9	5.42	97%	5.79	1.97
67	11 11 11 13	5.42	98.4%	5.97	2.23
68	2 5 5 12	5.43	98.8%	5.84	1.98
69	2 3 3 12	5.44	98.5%	5.89	2.04
70	2 12 13 13	5.44	97.3%	5.82	2.03
71	7 7 11 12	5.44	93.7%	5.73	2.03
72	1 4 10 10	5.46	97.8%	5.86	2.07
73	1 8 9 12	5.47	96.5%	5.81	1.95
74	4 4 12 12	5.47	98.5%	5.88	2.02
75	1 2 5 8	5.48	95.5%	5.89	2.26
76	5 5 11 12	5.48	96.6%	5.84	1.84
77	1 1 3 7	5.5	96.8%	5.81	1.95
78	1 3 4 12	5.5	98.6%	5.91	1.95
79	1 8 8 12	5.5	96.3%	5.85	1.88
80	1 6 7 12	5.51	98.6%	5.92	1.96
81	2 2 4 6	5.51	98.9%	5.89	1.9
82	1 1 1 13	5.53	97.4%	5.85	1.76
83	2 3 3 8	5.54	96.9%	5.91	1.92
84	3 5 5 8	5.54	96.9%	5.95	2.08
85	6 7 12 12	5.54	95.6%	5.91	2.03
86	1 4 7 12	5.55	98.3%	5.95	1.99
87	1 3 10 10	5.56	97.4%	5.85	2
88	8 8 11 13	5.56	97%	6.05	2.25
89	2 3 12 12	5.57	97.4%	5.96	1.99
90	1 1 10 13	5.58	97.9%	6.02	2.17
91	1 3 3 4	5.58	97.5%	5.83	1.79
92	3 7 8 8	5.58	95.9%	5.95	2.01
93	1 1 4 7	5.59	97%	5.92	2.09
94	9 9 11 12	5.59	94%	5.92	2.12
95	2 7 7 8	5.6	96.8%	5.91	1.98
96	5 5 7 7	5.6	97.9%	5.93	1.9
97	7 8 12 12	5.6	96.2%	6.05	2.12
98	4 4 11 13	5.61	97.9%	6.21	2.34
99	1 2 5 12	5.62	95.4%	6.06	2.19
100	1 6 9 12	5.62	95.4%	6.01	2.11
101	4 6 6 6	5.63	98.3%	6	2.07
102	1 2 2 10	5.64	96.6%	6.01	2.11
103	1 7 9 12	5.64	95.9%	6.06	2.24
104	4 5 11 12	5.64	97.5%	6.02	2.07
105	1 1 2 10	5.66	95.6%	5.93	1.81
106	1 6 6 11	5.66	98.3%	6.14	2.25
107	2 2 12 12	5.66	98.7%	6.18	2.26
108	3 3 11 12	5.66	94.8%	6.06	2.16
109	4 5 5 6	5.66	97.3%	6.08	2.1
110	1 7 7 10	5.67	97.8%	6.12	2.17
111	3 7 7 7	5.67	97.5%	6	2.01
112	4 4 11 12	5.67	92%	6.05	2.37
113	4 8 11 11	5.67	95.4%	5.98	1.96
114	1 5 8 8	5.68	95%	6.31	2.69
115	3 3 4 6	5.68	97.7%	6.11	2.1
116	2 8 9 9	5.69	96.3%	6.1	2.09
117	3 6 11 11	5.69	94.3%	5.95	2.03
118	12 12 12 13	5.69	97.4%	6.02	1.96
119	6 6 12 12	5.7	98.4%	6.27	2.34
120	8 9 12 12	5.7	96.2%	6.22	2.22
121	1 2 2 12	5.71	97.7%	6.07	1.99
122	3 8 8 8	5.71	97.5%	6.05	2.12
123	2 2 2 3	5.72	99%	5.98	1.72
124	3 4 4 6	5.73	97.4%	6.07	1.93
125	1 4 4 12	5.75	95.6%	6.26	2.34
126	1 4 6 12	5.75	96.7%	6.18	2.4
127	2 2 3 12	5.75	98%	6.16	2.02
128	7 7 11 13	5.75	97.3%	6.27	2.27
129	1 8 10 12	5.76	95.5%	6.08	2.14
130	3 8 12 13	5.76	96%	6.13	2.18
131	6 6 11 13	5.76	97.8%	6.27	2.24
132	9 9 11 13	5.77	96.7%	6.31	2.42
133	1 5 6 12	5.8	98.5%	6.18	2.09
134	4 6 9 9	5.8	96.3%	6.16	2.22
135	4 8 10 10	5.82	97.5%	6.25	2.11
136	11 13 13 13	5.82	97.8%	6.38	2.42
137	3 4 11 13	5.83	96.3%	6.3	2.34
138	4 6 6 7	5.83	96.4%	6.2	2.09
139	6 6 10 13	5.83	93.9%	6.35	2.66
140	1 3 6 12	5.84	96.8%	6.23	2.17
141	2 4 4 12	5.84	98.5%	6.2	2.12
142	2 4 11 11	5.84	96.1%	6.28	2.3
143	3 6 7 7	5.85	93.4%	6.22	2.33
144	10 11 12 12	5.85	95.9%	6.22	2.03
145	1 6 12 12	5.86	94.6%	6.3	2.43
146	1 11 11 12	5.86	93.5%	6.11	2.19
147	4 6 8 8	5.86	96.8%	6.27	2.2
148	1 4 5 12	5.87	95.7%	6.3	2.3
149	1 4 8 12	5.87	97.4%	6.22	2.17
150	4 5 12 13	5.87	97.6%	6.36	2.13
151	4 6 10 11	5.87	94.5%	6.28	2.38
152	1 3 6 8	5.88	95.4%	6.31	2.52
153	2 10 10 12	5.88	97.1%	6.28	2.32
154	1 2 11 11	5.89	97.3%	6.36	2.39
155	1 3 3 12	5.89	95.3%	6.3	2.3
156	1 12 13 13	5.89	94.3%	6.21	2.15
157	3 6 13 13	5.89	94.7%	6.12	1.94
158	3 8 10 11	5.89	94.5%	6.24	2.35
159	5 6 11 12	5.89	97.2%	6.35	2.24
160	10 10 11 13	5.89	97.6%	6.47	2.36
161	1 1 3 13	5.9	95.1%	6.31	2.11
162	1 6 7 10	5.9	98.6%	6.45	2.22
163	1 7 8 9	5.9	97.1%	6.35	2.27
164	3 6 6 8	5.9	97%	6.33	2.23
165	3 7 10 10	5.9	97.3%	6.3	2.17
166	2 8 10 10	5.91	95.4%	6.25	2.07
167	5 5 5 5	5.91	95.3%	6.33	2.15
168	9 10 12 12	5.91	95.7%	6.2	2
169	2 8 8 12	5.92	97.5%	6.44	2.43
170	1 2 6 6	5.93	97.4%	6.37	2.24
171	4 6 10 10	5.93	96.4%	6.31	2.37
172	1 1 4 4	5.94	94.5%	6.26	2.4
173	1 7 8 10	5.95	97.5%	6.36	2.28
174	4 5 5 5	5.95	97.5%	6.5	2.39
175	1 2 4 4	5.96	97.1%	6.31	2.13
176	1 2 6 12	5.96	96.7%	6.33	2.22
177	1 2 10 12	5.97	97.4%	6.5	2.4
178	1 5 8 12	5.97	98.1%	6.46	2.2
179	1 6 8 9	5.98	98.1%	6.44	2.35
180	2 2 11 13	5.98	98.1%	6.56	2.42
181	1 2 4 8	5.99	96.5%	6.38	2.27
182	1 5 7 11	5.99	98.5%	6.45	2.15
183	1 10 10 12	5.99	92.3%	6.21	2.09
184	3 8 12 12	5.99	96.5%	6.43	2.44
185	3 9 9 9	6	97.7%	6.44	2.16
186	4 8 13 13	6	94.6%	6.24	1.89
187	1 1 3 4	6.02	98.1%	6.37	2.02
188	1 1 6 6	6.03	97.1%	6.43	2.17
189	1 2 6 8	6.03	95.9%	6.36	2.32
190	1 3 9 12	6.03	96.3%	6.44	2.33
191	4 7 12 12	6.03	88.5%	6.47	2.82
192	1 1 9 13	6.04	97.2%	6.52	2.53
193	2 11 12 12	6.04	95.4%	6.45	2.23
194	3 4 12 12	6.04	94.3%	6.49	2.45
195	3 8 11 12	6.04	94.3%	6.51	2.62
196	1 7 8 8	6.05	96.6%	6.57	2.65
197	2 8 13 13	6.05	90.3%	6.36	2.53
198	2 11 11 11	6.05	90%	6.18	2.45
199	3 3 4 8	6.06	96.3%	6.4	2.12
200	2 13 13 13	6.07	91.3%	6.28	2.3
201	5 6 12 13	6.07	97.4%	6.43	2.13
202	2 2 11 12	6.08	92.4%	6.48	2.55
203	4 7 7 8	6.08	93.8%	6.53	2.52
204	3 3 11 13	6.09	96.9%	6.59	2.5
205	10 13 13 13	6.09	93.3%	6.52	2.74
206	1 2 3 10	6.11	98.4%	6.44	2
207	1 4 6 8	6.11	94.6%	6.5	2.5
208	1 10 12 12	6.11	95.8%	6.76	2.92
209	4 4 10 13	6.11	93.6%	6.63	2.74
210	5 5 11 13	6.11	96.1%	6.7	2.49
211	5 5 12 13	6.12	95.6%	6.58	2.12
212	1 7 7 12	6.13	88.9%	6.26	2.32
213	1 4 7 8	6.14	96.6%	6.62	2.69
214	1 5 7 13	6.14	97.8%	6.51	2.09
215	2 3 11 12	6.14	94.7%	6.71	2.74
216	3 3 3 6	6.14	97.8%	6.65	2.53
217	7 7 12 13	6.14	94.1%	6.58	2.32
218	10 10 11 12	6.14	93.5%	6.51	2.29
219	1 5 5 12	6.15	90.6%	6.33	2.31
220	1 2 13 13	6.16	97.2%	6.88	2.67
221	1 4 8 8	6.17	96.5%	6.65	2.46
222	2 2 4 5	6.17	98.2%	6.54	2.09
223	3 3 3 12	6.17	96.8%	6.61	2.45
224	8 8 11 12	6.17	90.5%	6.49	2.63
225	1 2 3 8	6.18	97%	6.58	2.36
226	1 2 3 12	6.19	96.4%	6.73	2.49
227	5 5 5 6	6.19	96.1%	6.65	2.34
228	11 12 13 13	6.19	95.1%	6.63	2.4
229	1 1 5 7	6.2	96.4%	6.54	2.09
230	1 8 10 13	6.2	94.8%	6.55	2.42
231	1 2 2 8	6.21	93.3%	6.61	2.61
232	3 11 11 12	6.21	91.5%	6.43	2.16
233	1 3 11 11	6.22	97.3%	6.65	2.43
234	1 3 8 9	6.23	92.2%	6.75	3.13
235	1 4 4 5	6.23	97%	6.8	2.67
236	2 2 2 8	6.23	96.4%	6.81	2.71
237	4 6 12 13	6.23	93.7%	6.78	2.88
238	7 9 11 11	6.23	95.7%	6.72	2.62
239	4 4 5 6	6.24	95.8%	6.55	2.24
240	1 5 8 9	6.25	94%	6.71	2.6
241	1 4 12 12	6.26	91%	6.49	2.45
242	1 5 10 10	6.26	97.3%	6.63	2.32
243	2 7 8 12	6.26	95%	6.7	2.56
244	6 7 11 12	6.26	96.8%	6.82	2.59
245	1 8 8 9	6.27	96.3%	6.82	2.68
246	2 12 12 13	6.27	95.7%	6.65	2.36
247	4 8 9 9	6.27	90.7%	6.44	2.24
248	8 8 8 10	6.27	90.6%	6.64	2.88
249	1 2 10 11	6.29	97.6%	6.64	2.37
250	2 8 11 11	6.29	88.8%	6.53	2.78
251	9 9 12 13	6.29	94.2%	6.65	2.23
252	1 5 7 8	6.31	94.8%	6.67	2.39
253	4 5 13 13	6.31	87.9%	6.57	2.75
254	1 2 8 8	6.32	96%	6.9	2.71
255	2 11 13 13	6.33	94.2%	6.83	2.49
256	3 6 7 8	6.33	97.8%	6.72	2.27
257	1 2 12 12	6.35	95.8%	6.67	2.19
258	1 3 6 6	6.35	97.2%	6.82	2.56
259	1 6 7 11	6.35	97.4%	6.97	2.88
260	2 8 10 11	6.35	94.8%	6.84	2.62
261	2 12 12 12	6.35	98.4%	6.72	2.45
262	10 10 10 13	6.35	93.1%	6.81	2.98
263	1 3 3 7	6.37	96%	7.23	3.33
264	1 6 9 9	6.37	97.5%	6.8	2.49
265	1 7 8 12	6.37	95.6%	6.92	2.65
266	4 4 4 4	6.37	97.7%	6.98	2.91
267	4 5 9 9	6.37	88.3%	6.6	2.69
268	1 6 6 13	6.38	97.2%	6.76	2.43
269	2 5 6 12	6.38	95%	6.76	2.5
270	3 6 10 11	6.38	95.7%	7	2.84
271	2 6 6 12	6.4	97.7%	6.94	2.55
272	3 7 9 9	6.4	91.2%	6.82	2.73
273	1 4 4 7	6.41	96%	7.16	3.16
274	1 3 5 8	6.42	95.2%	7.02	2.81
275	2 3 11 13	6.42	92%	6.86	2.74
276	3 12 13 13	6.43	91.2%	6.61	2.28
277	6 6 11 12	6.43	89%	6.76	2.97
278	1 1 3 11	6.44	94.2%	6.68	1.95
279	1 3 3 5	6.44	95.1%	6.7	2.45
280	1 9 12 12	6.45	92.6%	6.81	2.81
281	1 4 6 13	6.46	97.5%	6.9	2.36
282	6 10 10 10	6.46	95.7%	6.72	2.3
283	1 4 7 13	6.47	96.6%	7.14	2.93
284	2 2 2 11	6.47	92.2%	6.73	2.59
285	3 4 5 8	6.47	96.1%	6.92	2.61
286	3 7 11 11	6.47	88%	6.72	2.99
287	4 5 6 6	6.47	95.3%	6.8	2.34
288	12 13 13 13	6.47	94.5%	6.84	2.45
289	1 2 4 6	6.48	95.8%	6.87	2.53
290	4 6 7 8	6.48	95.8%	6.9	2.45
291	1 5 8 10	6.49	96.4%	7.06	2.54
292	1 5 10 12	6.49	92.1%	6.92	3.05
293	2 8 8 13	6.5	93%	6.89	2.53
294	3 7 13 13	6.5	87.3%	6.61	2.71
295	7 8 11 12	6.5	96.3%	6.99	2.61
296	1 2 5 6	6.51	94.6%	7.04	2.73
297	1 7 7 11	6.51	96.8%	7.08	2.58
298	2 4 5 12	6.51	94.6%	6.95	2.86
299	2 10 11 12	6.51	96%	6.82	2.39
300	3 9 9 12	6.51	94.9%	6.88	2.55
301	10 11 11 13	6.51	94.7%	6.9	2.61
302	1 3 3 9	6.52	96.8%	7.1	2.83
303	1 6 8 10	6.52	97.1%	6.94	2.4
304	3 5 11 11	6.52	94.6%	7.03	2.96
305	4 6 12 12	6.52	96.8%	6.97	2.39
306	5 6 6 7	6.52	97.9%	7.03	2.44
307	1 3 13 13	6.53	96.9%	7.04	2.57
308	1 9 11 12	6.54	93.7%	7	2.96
309	4 6 11 12	6.54	93%	6.94	2.89
310	2 2 8 12	6.55	98%	7	2.26
311	3 8 9 10	6.56	96.2%	6.91	2.45
312	3 10 10 12	6.56	94.2%	6.89	2.32
313	1 10 11 12	6.57	94.6%	6.94	2.5
314	3 3 3 3	6.57	96.2%	7.34	3.33
315	4 4 12 13	6.57	92.1%	6.92	2.47
316	1 2 10 13	6.58	97%	7.08	2.71
317	2 3 4 6	6.58	97.7%	6.99	2.29
318	2 8 9 12	6.59	94.9%	6.97	2.69
319	2 5 6 11	6.6	96.4%	7.03	2.54
320	3 4 10 13	6.6	96.5%	7.09	2.79
321	5 6 7 7	6.6	87.8%	6.76	2.66
322	1 2 3 6	6.62	97.1%	7.04	2.43
323	1 2 5 5	6.62	95.1%	7.12	2.86
324	6 7 12 13	6.62	95.4%	7.1	2.68
325	1 4 8 13	6.63	97.4%	7.02	2.41
326	2 2 5 5	6.63	93.2%	7.02	2.44
327	3 6 6 7	6.63	93.6%	7.07	2.67
328	3 7 7 12	6.63	89.9%	6.77	2.55
329	1 1 6 12	6.64	91.1%	7.28	3.3
330	2 2 2 13	6.64	93.5%	7.04	2.69
331	5 7 10 12	6.64	96.8%	7.07	2.41
332	1 5 6 6	6.65	93.6%	7.34	3.36
333	1 12 12 12	6.65	93.6%	6.87	2.59
334	1 1 2 7	6.66	95.4%	6.92	2.07
335	1 3 3 3	6.66	95.6%	7.06	2.54
336	4 4 5 5	6.66	93.2%	7.08	2.51
337	4 5 11 11	6.66	87.3%	7.11	3.53
338	6 8 10 12	6.68	97.3%	7.22	2.77
339	9 9 10 13	6.68	91.1%	6.85	2.63
340	1 2 5 7	6.69	95.1%	7.05	2.65
341	1 6 6 10	6.7	93.8%	7.05	3.02
342	3 3 12 13	6.71	93.4%	7.16	2.62
343	7 7 10 13	6.71	89.6%	7.02	3.11
344	4 5 7 7	6.72	91.2%	7.28	3.37
345	5 6 13 13	6.72	87.1%	6.83	2.62
346	2 2 2 4	6.73	95.9%	7.06	2.45
347	2 3 12 13	6.74	95.9%	7.22	2.61
348	2 4 4 8	6.74	96.4%	7.18	2.67
349	2 11 11 13	6.74	94.9%	7.27	2.86
350	4 7 7 7	6.75	89%	6.97	2.98
351	4 7 13 13	6.75	87.9%	7.01	2.91
352	4 8 8 8	6.75	94.6%	7.09	2.71
353	1 2 11 13	6.76	93.8%	7.41	3.11
354	3 3 5 6	6.76	96.1%	7.36	2.69
355	3 4 5 7	6.76	96.7%	7.24	2.63
356	2 6 6 8	6.77	95.5%	7.38	2.97
357	5 7 11 11	6.77	96%	7.2	2.66
358	8 9 11 12	6.77	95.4%	7.42	3
359	11 12 12 13	6.77	96.9%	7.37	2.68
360	1 3 4 4	6.78	93.2%	7.09	3.02
361	2 4 13 13	6.78	95.6%	7.27	2.72
362	2 5 5 8	6.78	88.3%	6.99	3.02
363	7 9 13 13	6.78	96.3%	7.34	2.74
364	1 1 2 9	6.79	94.7%	7.07	2.3
365	1 9 10 12	6.79	93.8%	7.1	2.69
366	1 3 10 11	6.8	96.6%	7.44	3.06
367	4 4 4 8	6.8	96.4%	7.37	2.81
368	6 8 11 11	6.8	94.1%	7.35	3.03
369	9 11 11 11	6.8	95.3%	7.18	2.76
370	1 6 8 11	6.81	97.7%	7.27	2.46
371	6 9 12 12	6.81	89.1%	7.35	3.61
372	1 1 3 5	6.82	95.2%	7.15	2.3
373	3 3 3 10	6.82	94.3%	7.38	3.18
374	8 9 10 13	6.82	95.8%	7.3	2.61
375	2 5 12 12	6.83	83.4%	7.27	4.04
376	3 3 3 7	6.83	92.4%	7.28	3.12
377	5 5 10 10	6.83	87.2%	7.13	3.01
378	5 6 11 11	6.84	87.5%	7.1	3.08
379	1 1 4 9	6.85	93.4%	7.03	2.3
380	2 8 12 12	6.85	95%	7.23	2.62
381	4 5 10 10	6.85	91.1%	7.19	3.02
382	4 6 9 10	6.85	93.5%	7.37	3.21
383	4 7 10 11	6.85	97%	7.37	2.72
384	7 8 12 13	6.85	96.4%	7.33	2.63
385	1 3 6 7	6.86	96%	7.27	2.8
386	8 9 12 13	6.86	96.1%	7.34	2.67
387	9 10 11 12	6.86	96.1%	7.37	2.75
388	1 2 7 10	6.87	91%	7.64	3.97
389	1 11 12 12	6.87	94.1%	7.39	3.09
390	2 4 5 8	6.87	94.9%	7.26	2.73
391	2 5 5 13	6.87	92.2%	7.28	2.71
392	4 7 8 8	6.87	94.3%	7.28	2.5
393	1 8 8 11	6.88	93.5%	7.34	3.43
394	6 8 8 8	6.88	88.2%	7.26	3.32
395	1 2 2 11	6.89	97%	7.41	2.92
396	8 8 10 13	6.89	90.5%	7.31	3.05
397	9 12 12 12	6.89	82.6%	6.93	3.55
398	1 7 8 11	6.9	92.5%	7.3	3.03
399	1 2 6 7	6.91	95.1%	7.3	2.54
400	2 6 7 13	6.91	96.6%	7.32	2.67
401	2 6 10 12	6.91	95%	7.38	2.79
402	1 2 11 12	6.92	97%	7.63	3.22
403	2 9 9 11	6.92	87.2%	6.91	2.64
404	3 6 6 12	6.92	95.4%	7.56	2.81
405	5 5 13 13	6.92	85.7%	7.1	2.96
406	8 8 9 11	6.92	89.8%	7.47	3.63
407	1 2 4 10	6.93	96.2%	7.49	3.12
408	2 2 10 13	6.93	90%	7.18	3
409	4 4 4 12	6.93	96.5%	7.41	2.92
410	1 1 8 8	6.94	89.6%	7.38	3.67
411	1 8 8 10	6.94	92.5%	7.28	2.95
412	3 8 8 9	6.94	95.6%	7.26	2.5
413	5 5 11 11	6.94	86.3%	7.19	3.14
414	1 7 7 9	6.95	96.3%	7.33	2.8
415	5 5 6 6	6.95	93.2%	7.42	2.74
416	5 5 10 13	6.95	89.9%	7.32	3.27
417	8 8 12 13	6.95	92.1%	7.28	2.6
418	1 6 8 8	6.96	93%	7.26	2.88
419	2 2 12 13	6.96	92.2%	7.22	2.59
420	11 11 12 13	6.96	94.9%	7.38	2.48
421	6 7 10 13	6.97	96.5%	7.48	2.75
422	2 3 5 5	6.98	96.3%	7.5	2.88
423	3 5 5 6	6.98	89.3%	7.26	3.09
424	3 6 9 9	6.98	93.9%	7.57	3.24
425	1 3 7 13	6.99	96.7%	7.37	2.62
426	4 8 11 12	6.99	93%	7.56	3.12
427	5 6 9 9	6.99	90.8%	7.27	2.75
428	1 3 5 13	7	94.3%	7.41	2.73
429	2 9 9 13	7	88.8%	7.05	2.47
430	3 7 12 13	7	93.9%	7.47	3.02
431	8 10 11 11	7	94.8%	7.4	2.74
432	2 3 3 13	7.02	94%	7.56	2.91
433	3 3 4 4	7.02	94.4%	7.38	2.64
434	1 7 10 12	7.03	92.8%	7.44	2.95
435	2 6 7 12	7.03	92%	7.16	2.9
436	2 6 10 10	7.04	95.7%	7.52	2.93
437	7 8 8 9	7.04	87%	7.45	3.67
438	10 10 12 13	7.04	92.3%	7.39	2.6
439	1 2 3 5	7.05	95.5%	7.36	2.37
440	1 10 12 13	7.05	94.2%	7.39	2.8
441	1 3 7 8	7.06	89.4%	7.32	3.43
442	1 3 10 12	7.06	96.4%	7.54	2.76
443	2 2 7 13	7.06	96.2%	7.54	2.9
444	2 5 9 12	7.06	95.5%	7.5	2.84
445	1 3 9 11	7.07	95.1%	7.6	3.11
446	4 7 12 13	7.07	92.4%	7.7	3.41
447	6 6 6 11	7.07	88.8%	7.34	3.36
448	1 2 2 13	7.08	96.4%	7.61	3.1
449	1 5 6 9	7.08	92%	7.5	3.41
450	3 4 11 12	7.08	95.1%	7.72	3.35
451	4 6 6 8	7.08	97.3%	7.56	2.58
452	2 8 8 8	7.09	93.8%	7.64	3.26
453	3 7 11 12	7.09	90.6%	7.59	3.4
454	1 3 4 11	7.11	96%	7.62	2.9
455	1 5 9 9	7.11	94.3%	7.64	3.14
456	1 12 12 13	7.11	94.1%	7.62	3.07
457	2 9 10 12	7.11	93.9%	7.42	2.8
458	3 5 13 13	7.13	94.4%	7.64	3.04
459	3 6 11 12	7.13	93.4%	7.64	3.12
460	3 8 8 12	7.13	91.6%	7.59	3.07
461	6 6 12 13	7.13	90.4%	7.52	3.02
462	5 9 10 10	7.14	92.8%	7.53	3.03
463	2 6 7 9	7.15	96.2%	7.71	2.99
464	2 7 7 13	7.15	86%	7.22	2.95
465	3 4 5 12	7.15	97%	7.56	2.64
466	5 6 11 13	7.15	91.8%	7.7	3.32
467	4 5 11 13	7.16	90.3%	7.58	3.29
468	5 8 8 10	7.16	91.5%	7.68	3.32
469	2 7 8 13	7.17	94.1%	7.75	3.06
470	3 4 8 10	7.17	93.4%	7.59	3.17
471	3 7 7 9	7.17	86.9%	7.22	2.94
472	3 9 10 11	7.17	93.1%	7.57	2.93
473	4 8 10 12	7.17	95.8%	7.69	2.86
474	1 3 4 5	7.18	97.6%	7.66	2.5
475	1 6 6 9	7.18	90.4%	7.65	3.25
476	5 5 7 8	7.19	92.5%	7.63	2.88
477	7 9 10 12	7.19	94.1%	7.71	3.14
478	1 7 9 13	7.2	93.8%	7.45	2.49
479	1 8 11 12	7.2	91.6%	7.69	3.39
480	4 7 11 11	7.2	86.5%	7.31	3.3
481	1 8 9 11	7.21	92.8%	7.53	3.06
482	2 4 10 12	7.21	96.6%	7.88	3.12
483	5 10 11 11	7.21	90.5%	7.45	2.76
484	10 12 12 13	7.21	90.2%	7.72	3.57
485	1 6 8 13	7.22	94.3%	7.66	2.8
486	3 3 4 5	7.22	94.1%	7.72	3.18
487	5 5 9 9	7.22	85.5%	7.5	3.29
488	10 11 11 12	7.23	96.8%	7.73	2.75
489	1 1 6 8	7.24	94.8%	7.57	2.54
490	3 3 9 9	7.24	95.8%	7.62	2.73
491	4 5 5 8	7.24	88.2%	7.4	2.92
492	7 10 12 12	7.24	84.9%	7.51	3.65
493	2 5 6 8	7.26	95.6%	7.85	2.99
494	3 5 5 12	7.26	89.1%	7.59	3.29
495	5 8 12 12	7.26	76%	6.73	3.47
496	1 11 12 13	7.27	93.9%	7.75	3.22
497	2 2 3 9	7.27	94.5%	7.72	2.9
498	3 6 6 6	7.27	94.5%	7.69	3.13
499	6 8 13 13	7.27	93.3%	7.75	3.03
500	1 8 9 13	7.28	91.5%	7.78	3.49
501	2 3 3 11	7.29	89.3%	7.5	3.19
502	4 4 4 7	7.29	91.3%	7.7	3.28
503	7 10 10 11	7.29	93.5%	7.61	2.94
504	5 5 10 11	7.3	87.8%	7.68	3.43
505	5 6 8 8	7.3	92.1%	7.64	2.91
506	3 5 10 12	7.31	94.9%	7.92	3.13
507	2 3 7 12	7.32	94.8%	7.78	3.03
508	3 5 6 8	7.32	93.4%	7.76	3.13
509	3 9 11 11	7.32	86%	7.44	3.21
510	3 9 13 13	7.32	86.5%	7.54	3.28
511	8 8 8 12	7.32	88.5%	7.7	3.85
512	6 6 6 9	7.33	89.4%	7.87	3.84
513	3 6 8 8	7.34	92.8%	7.71	2.97
514	4 4 5 8	7.34	96%	7.69	2.56
515	1 4 4 4	7.35	95.7%	7.81	2.84
516	2 4 8 10	7.36	97.7%	7.84	2.57
517	2 6 6 13	7.38	85.2%	7.47	3.1
518	2 6 9 11	7.38	95.5%	7.87	3.1
519	2 10 10 11	7.38	85.3%	7.23	2.88
520	4 8 12 13	7.38	92%	8.04	3.6
521	1 5 5 6	7.39	94.9%	7.9	3.04
522	2 2 4 7	7.39	95.3%	8.04	3.11
523	2 6 6 6	7.39	96%	7.94	3
524	5 7 13 13	7.39	94.2%	7.82	3.18
525	1 2 3 9	7.4	96.3%	7.94	3.1
526	3 3 5 5	7.4	89.5%	7.65	3.11
527	4 4 7 9	7.4	93.3%	7.83	3.35
528	9 10 10 13	7.4	95.1%	7.85	3.03
529	1 7 9 9	7.41	94.6%	7.89	3.19
530	3 3 10 13	7.41	89.4%	7.67	3.43
531	3 7 9 10	7.41	92.1%	7.99	3.44
532	1 4 5 5	7.42	95.9%	7.86	2.67
533	2 2 6 6	7.42	95.8%	7.93	3
534	3 5 5 7	7.42	89.9%	7.65	3.08
535	5 10 13 13	7.42	92.6%	7.86	2.74
536	1 2 3 7	7.43	96.1%	8.11	3.16
537	3 4 4 7	7.44	90.4%	7.85	3.37
538	3 5 6 12	7.44	93.4%	7.94	3.16
539	6 7 11 13	7.44	90%	7.81	3.39
540	3 6 10 12	7.45	93%	8	3.42
541	2 10 10 13	7.46	90%	7.61	2.84
542	4 7 9 9	7.47	86.6%	7.61	3.19
543	1 2 2 4	7.48	95.5%	7.8	2.43
544	1 2 4 13	7.48	93.6%	7.82	2.88
545	2 4 4 13	7.48	85.6%	7.64	3.36
546	2 7 8 8	7.49	92.6%	7.92	3.06
547	2 2 7 8	7.5	93.5%	7.84	2.96
548	2 8 12 13	7.5	89.6%	7.78	3.5
549	4 4 8 8	7.5	95.5%	8.09	3.2
550	2 4 4 11	7.51	84.5%	7.56	3.34
551	2 6 6 11	7.51	83.2%	7.33	3.1
552	2 4 5 13	7.52	94.7%	8.08	3.22
553	1 2 12 13	7.53	95.9%	8.23	3.3
554	3 4 9 12	7.54	94.6%	7.97	3.06
555	1 6 9 13	7.55	90.6%	7.95	3.85
556	2 2 4 10	7.55	94.1%	7.96	2.9
557	2 3 4 12	7.55	94.2%	8.06	3.28
558	2 6 8 11	7.55	93.3%	7.99	3.34
559	3 9 12 12	7.55	90.8%	8.12	3.46
560	1 3 8 12	7.56	96.6%	8.08	2.87
561	3 4 4 12	7.56	90.4%	7.86	3.25
562	5 6 10 10	7.56	87%	7.92	3.69
563	2 3 5 6	7.57	95%	7.98	2.91
564	1 9 11 11	7.58	89.7%	7.72	2.97
565	2 6 11 13	7.58	89.7%	7.72	3.21
566	9 11 13 13	7.58	92%	8.09	3.2
567	1 2 9 12	7.59	92.5%	8.22	3.75
568	1 4 9 12	7.59	95.9%	8.27	3.35
569	1 4 10 11	7.59	95%	8.05	3.12
570	4 8 10 11	7.59	90.4%	7.92	3.44
571	3 6 12 12	7.6	93.1%	8.19	3.46
572	4 4 4 5	7.62	84.9%	7.64	3.63
573	6 6 7 10	7.62	84.4%	7.77	4.03
574	3 3 4 12	7.63	95.1%	8.28	3.17
575	5 6 7 8	7.63	93.6%	8.17	3.08
576	3 3 8 9	7.64	89%	8.09	3.73
577	4 5 7 8	7.64	95.7%	8.15	3.14
578	6 6 9 12	7.64	92.9%	8.04	3.26
579	3 4 4 9	7.65	91%	8.18	3.28
580	4 7 9 10	7.65	90.5%	8.12	3.62
581	1 5 6 10	7.66	91.5%	8.05	3.23
582	3 5 8 11	7.66	89.8%	7.97	3.4
583	6 6 10 12	7.66	93.7%	8.08	3.03
584	8 11 12 12	7.66	77.9%	7.17	3.49
585	8 9 11 13	7.67	90.5%	8.09	3.69
586	2 2 2 10	7.68	94.3%	8.13	3.33
587	3 6 6 9	7.68	96.1%	8.14	2.9
588	2 5 5 11	7.69	83.1%	7.57	3.31
589	3 3 4 7	7.69	90.4%	8.17	3.49
590	5 6 6 6	7.7	87.8%	7.83	3.36
591	1 2 2 5	7.71	94.3%	7.98	2.81
592	2 6 8 10	7.71	93.3%	8.22	3.44
593	1 3 5 11	7.74	93.2%	8.06	2.82
594	3 6 10 10	7.74	85.4%	7.73	3.59
595	5 8 8 9	7.74	87.2%	7.99	3.87
596	1 4 4 9	7.75	94.2%	8.15	3.29
597	3 4 7 9	7.75	93.2%	8.25	3.7
598	4 5 10 11	7.75	88%	8.18	4.08
599	1 2 6 9	7.76	94.3%	8.29	3.54
600	1 2 4 11	7.77	92%	8.04	2.81
601	1 4 4 10	7.77	92%	8	3.4
602	2 7 7 11	7.77	86.7%	7.83	3.62
603	2 2 9 11	7.78	91.4%	8.1	3.24
604	1 4 8 11	7.79	95.6%	8.24	2.84
605	3 4 12 13	7.79	93.2%	8.4	3.68
606	3 6 7 9	7.79	93%	8.25	3.42
607	3 9 10 10	7.79	84.9%	7.65	3.38
608	3 12 12 12	7.79	91.1%	8.15	3.42
609	3 7 12 12	7.8	91.5%	8.19	3.39
610	5 6 10 11	7.8	90.4%	8.17	3.53
611	2 2 6 12	7.81	94.2%	8.39	3.43
612	2 4 6 10	7.81	94.1%	8.23	3.32
613	2 5 6 13	7.81	91.7%	8.34	3.57
614	10 12 13 13	7.82	94.2%	8.27	2.92
615	2 2 4 8	7.83	95.8%	8.36	3.07
616	3 12 12 13	7.83	92.6%	8.23	3.23
617	4 5 8 9	7.83	89%	8.2	3.92
618	4 8 9 10	7.83	89%	8.03	3.27
619	6 7 8 10	7.83	91.7%	8.34	3.54
620	3 4 5 5	7.85	93.9%	8.5	3.61
621	8 10 13 13	7.85	92.5%	8.24	3.31
622	2 3 3 6	7.86	96.2%	8.36	2.91
623	5 8 8 13	7.86	92.4%	8.23	3.6
624	1 3 12 12	7.88	85.8%	8.27	4.45
625	2 3 5 11	7.88	94.8%	8.38	3.27
626	3 9 12 13	7.88	89.8%	8.34	3.86
627	4 10 12 12	7.88	92.1%	8.36	3.29
628	3 5 8 8	7.89	92.2%	8.37	3.77
629	10 11 12 13	7.89	95.9%	8.56	3.48
630	2 7 8 11	7.9	94.8%	8.48	3.54
631	3 4 10 12	7.9	92.5%	8.28	3.45
632	7 8 11 13	7.9	90%	8.45	3.85
633	1 2 5 9	7.91	95.1%	8.43	3.06
634	1 4 6 11	7.91	92.7%	8.22	3.19
635	2 2 3 3	7.92	93.2%	8.25	3.24
636	8 10 10 12	7.93	94.3%	8.43	3.36
637	4 6 8 9	7.94	93.2%	8.34	3.37
638	4 4 6 12	7.95	93.8%	8.64	3.76
639	1 1 7 10	7.96	85.1%	8.03	4.21
640	1 3 6 9	7.96	93.2%	8.44	3.17
641	1 5 9 10	7.97	93.4%	8.51	3.76
642	2 2 3 7	7.97	88.4%	8.39	3.8
643	2 5 6 7	7.97	92.4%	8.44	3.6
644	3 7 10 11	7.97	90.5%	8.23	3.36
645	2 8 8 9	8	90.4%	8.29	3.3
646	2 7 11 12	8.01	91.7%	8.39	3.41
647	2 8 9 13	8.01	90.1%	8.29	3.52
648	4 8 8 9	8.01	92.4%	8.26	3.03
649	5 5 8 8	8.01	84.9%	8.22	3.71
650	2 3 4 8	8.02	92.6%	8.71	3.97
651	4 4 10 12	8.02	90.8%	8.45	3.89
652	1 4 5 11	8.03	90.9%	8.31	3.85
653	2 4 8 8	8.04	93.8%	8.71	4.09
654	2 4 8 12	8.04	93.8%	8.84	4.2
655	1 3 4 13	8.05	94.2%	8.65	3.64
656	2 4 9 13	8.05	93.6%	8.41	3.5
657	3 6 9 10	8.05	92.5%	8.39	3.51
658	3 7 8 12	8.05	95%	8.56	3.21
659	4 5 9 10	8.05	90.7%	8.37	3.58
660	3 4 9 11	8.06	89.9%	8.33	4
661	4 7 9 12	8.06	94.9%	8.57	3.27
662	1 4 9 11	8.07	94.4%	8.72	3.67
663	2 7 9 10	8.07	94%	8.46	3.17
664	2 4 8 11	8.08	92.8%	8.43	3.6
665	4 6 8 12	8.08	94.3%	8.7	3.46
666	3 5 6 6	8.09	92.2%	8.58	3.52
667	5 8 11 13	8.09	88.9%	8.25	3.33
668	6 8 8 10	8.09	91.1%	8.54	3.96
669	9 10 12 13	8.1	93.5%	8.71	3.57
670	5 5 8 9	8.12	89.6%	8.6	3.9
671	1 5 5 13	8.13	93.4%	8.34	3.2
672	2 2 6 10	8.13	95.2%	8.56	2.98
673	1 8 11 13	8.15	88.1%	8.23	3.51
674	2 2 4 11	8.16	91.7%	8.55	3.66
675	3 4 5 10	8.17	90.3%	8.54	3.94
676	5 8 9 11	8.17	90.1%	8.4	3.62
677	1 3 6 13	8.18	92.1%	8.44	3.18
678	2 8 9 10	8.18	89%	8.39	3.8
679	1 6 11 12	8.19	89%	8.2	2.94
680	4 4 4 9	8.19	88.5%	8.34	3.9
681	2 5 10 11	8.21	94.2%	8.79	3.5
682	3 4 7 10	8.21	93.4%	8.48	3.4
683	5 6 9 10	8.21	91%	8.7	3.77
684	6 6 7 9	8.21	90.8%	8.57	3.67
685	4 4 7 12	8.22	89.5%	8.68	4.11
686	5 7 8 8	8.22	83.2%	8.33	4.62
687	1 3 4 9	8.23	94.6%	8.72	3.77
688	1 2 8 9	8.24	93.4%	8.8	3.37
689	4 4 8 11	8.24	87.1%	8.24	3.62
690	6 8 8 11	8.24	87.9%	8.53	3.83
691	2 9 10 11	8.25	88.7%	8.24	3.28
692	2 4 4 4	8.26	94.6%	8.72	3.17
693	4 4 6 11	8.26	86.5%	8.39	4.31
694	1 6 12 13	8.27	89.6%	8.38	3.22
695	4 7 8 9	8.27	92.2%	8.67	3.59
696	2 4 7 10	8.29	91.2%	8.6	3.8
697	6 6 8 9	8.29	90.5%	8.61	3.42
698	2 2 3 13	8.3	88%	8.45	3.55
699	2 8 8 11	8.3	84.3%	8.05	3.42
700	3 3 7 11	8.3	92.3%	8.62	3.55
701	6 8 10 13	8.3	87%	8.36	3.59
702	1 2 2 7	8.32	91.8%	8.7	3.36
703	6 6 8 11	8.32	83%	8.14	4.19
704	2 9 12 13	8.34	90.7%	8.76	3.8
705	1 2 6 13	8.35	90.9%	8.85	3.9
706	2 9 10 13	8.35	90.3%	8.96	4.02
707	7 8 8 11	8.35	80.6%	8.06	4.46
708	1 3 4 10	8.36	93%	8.66	3.32
709	2 3 3 7	8.36	92%	8.79	3.67
710	6 6 9 11	8.36	89.1%	8.77	3.96
711	4 4 4 11	8.37	86%	8.61	4.51
712	3 3 8 12	8.38	91.7%	8.91	3.82
713	3 6 8 9	8.38	93.8%	8.77	3.15
714	1 6 10 13	8.39	87.6%	8.58	4.05
715	1 11 13 13	8.39	91.6%	8.76	3.69
716	1 2 7 8	8.4	94.4%	8.93	3.5
717	1 4 9 10	8.4	93.3%	8.82	3.63
718	2 10 11 13	8.4	89.5%	8.49	3.39
719	1 4 6 7	8.41	87.5%	8.69	4.43
720	5 6 10 13	8.42	91.5%	9.08	4.23
721	4 4 9 11	8.43	82.7%	8.13	4.34
722	4 5 9 13	8.43	89.3%	9.19	4.67
723	2 8 11 12	8.45	88.4%	8.72	4.13
724	3 11 12 12	8.45	90.9%	8.7	3.28
725	4 5 6 7	8.45	90.7%	8.9	3.8
726	2 4 6 6	8.47	94.2%	9.2	3.95
727	2 3 10 13	8.48	93.5%	8.96	3.91
728	2 6 6 10	8.48	94.2%	8.95	3.57
729	3 6 7 12	8.49	90.1%	8.76	3.72
730	2 4 6 9	8.51	92%	9	4.16
731	2 4 9 9	8.51	90%	8.66	3.81
732	2 2 4 13	8.53	91%	9.02	4.13
733	4 5 8 12	8.53	93.3%	9.06	3.7
734	4 6 10 12	8.53	93.9%	9.1	3.87
735	3 7 7 13	8.54	93.4%	8.83	3.14
736	6 8 9 13	8.54	93.8%	9.2	3.91
737	1 2 3 11	8.55	95.8%	8.95	3.38
738	1 2 9 13	8.55	93.5%	9.17	4.16
739	1 3 9 13	8.55	93.6%	9.17	4.1
740	2 4 7 11	8.55	92.6%	8.9	3.76
741	6 6 8 10	8.55	90.2%	8.8	3.89
742	1 2 3 3	8.56	95.5%	8.89	2.96
743	1 2 5 13	8.56	94.4%	9.09	3.65
744	2 9 11 11	8.56	89.4%	8.99	3.99
745	2 2 8 10	8.57	94.3%	9.13	3.21
746	1 3 4 7	8.58	95%	9.36	3.75
747	3 9 9 10	8.59	86.9%	8.71	3.76
748	2 8 9 11	8.6	90.8%	9.05	3.72
749	3 7 10 13	8.6	88.4%	9.11	4.57
750	4 4 8 10	8.62	91.5%	8.96	4.25
751	6 6 8 13	8.62	84.1%	8.58	4.19
752	2 3 7 11	8.63	91.8%	9.03	4.17
753	4 8 9 11	8.64	93%	9.13	3.86
754	5 5 9 10	8.64	87%	9.01	4.25
755	6 8 12 12	8.64	91.6%	9.36	4.13
756	1 3 8 8	8.65	86.6%	8.92	4.5
757	2 3 5 9	8.65	92.1%	9.21	4.25
758	2 4 10 13	8.65	88.9%	9.04	4.44
759	1 2 6 11	8.66	90.3%	9.12	4.2
760	2 6 7 8	8.66	89.6%	8.89	3.84
761	3 4 7 7	8.68	94%	9.31	3.73
762	4 12 12 12	8.68	86%	9.04	4.65
763	4 11 12 13	8.69	91.2%	9.14	3.88
764	2 2 5 6	8.73	88.7%	9.05	4.27
765	4 8 8 12	8.73	94.5%	9.3	3.8
766	9 10 11 13	8.73	89.9%	8.99	3.75
767	2 5 7 10	8.74	92.3%	9.14	3.71
768	3 10 11 12	8.74	89.5%	8.95	3.65
769	1 4 5 10	8.76	91.3%	8.95	3.58
770	4 5 8 8	8.76	86.5%	8.75	3.98
771	4 4 8 13	8.77	86.8%	8.72	4.18
772	5 6 6 10	8.77	89.1%	9.01	3.85
773	1 2 4 5	8.79	90.6%	9.21	4.15
774	2 3 4 13	8.79	90.9%	9.16	3.9
775	1 1 3 10	8.8	88%	8.82	3.84
776	3 4 4 5	8.8	91.2%	9.11	3.95
777	3 5 9 12	8.8	90%	9.08	4
778	2 5 8 13	8.81	93%	9.34	3.9
779	6 6 6 12	8.81	89.5%	9.09	4.43
780	4 4 5 10	8.82	86.6%	8.92	4.53
781	1 3 3 10	8.84	89.8%	8.97	4.04
782	3 9 10 12	8.84	90.1%	9.09	3.58
783	7 8 10 13	8.84	92.1%	9.34	4.06
784	2 2 5 7	8.86	88.9%	8.95	3.65
785	3 5 6 9	8.86	92.5%	9.26	3.62
786	1 2 4 9	8.87	90.9%	9.2	3.86
787	1 4 6 9	8.87	86.3%	8.73	3.95
788	1 5 5 9	8.87	88.7%	9.02	3.67
789	3 4 7 11	8.87	87.3%	8.93	4.48
790	8 8 9 13	8.87	81.4%	8.51	4.63
791	3 6 12 13	8.88	86.5%	8.88	4.32
792	1 3 5 10	8.89	93.3%	9.39	3.67
793	2 10 11 11	8.9	86.5%	8.95	3.9
794	4 5 5 9	8.9	91.4%	9.23	3.82
795	6 8 11 13	8.91	86.5%	9.3	4.45
796	5 5 6 7	8.92	90.8%	9.35	3.99
797	2 3 9 9	8.93	90.5%	9.28	3.91
798	2 11 12 13	8.93	90%	9.34	3.95
799	2 2 3 6	8.95	91.8%	9.24	3.96
800	2 3 4 11	8.96	88.8%	9.18	4.04
801	3 5 6 7	8.97	89.6%	9.04	3.8
802	4 7 10 10	8.97	84%	8.72	4.07
803	2 5 8 9	8.99	92.6%	9.34	3.67
804	1 5 9 11	9	93%	9.47	3.91
805	5 10 10 12	9	86.8%	8.99	3.54
806	7 12 12 13	9	82.5%	8.81	4.1
807	1 5 6 8	9.03	90.1%	9.11	3.85
808	2 2 3 11	9.03	86.5%	9.09	4.12
809	3 5 5 9	9.04	83.4%	8.8	3.99
810	1 3 5 7	9.05	89.9%	9.33	4.04
811	2 3 6 10	9.05	92.3%	9.25	3.7
812	1 5 10 13	9.06	88.8%	9.07	3.36
813	2 2 5 11	9.06	87.5%	9.37	4.4
814	4 7 7 11	9.07	87.6%	9.39	4.47
815	5 11 12 12	9.07	83%	8.85	4.07
816	8 8 8 13	9.08	84.9%	9.06	4.2
817	3 3 6 11	9.11	90.3%	9.56	4.37
818	3 4 5 9	9.11	85.1%	9.06	4.39
819	1 2 7 9	9.13	93.4%	9.63	3.78
820	2 3 8 12	9.13	93.3%	9.6	3.71
821	5 7 8 9	9.13	88.9%	9.43	4.15
822	1 1 4 10	9.14	85.7%	9.06	4.98
823	3 7 8 9	9.14	87.1%	9.16	3.78
824	1 7 12 12	9.16	80.8%	8.68	4.27
825	1 9 11 13	9.18	87.9%	9.38	3.95
826	2 8 8 10	9.18	92.8%	9.39	3.75
827	3 3 3 9	9.18	84.7%	9.23	4.65
828	5 6 7 12	9.18	84.8%	9.1	4.25
829	3 4 6 10	9.19	89.9%	9.74	4.67
830	2 2 6 8	9.21	95.5%	9.65	3.58
831	2 3 4 4	9.21	93.8%	9.57	3.5
832	3 7 7 10	9.22	89.1%	9.52	4.23
833	4 5 10 13	9.26	91.1%	9.68	4.35
834	5 8 9 12	9.26	92.2%	9.7	3.87
835	2 3 3 9	9.27	93.1%	9.63	3.72
836	2 7 9 13	9.27	87.4%	9.62	4.73
837	3 3 4 9	9.3	92.2%	9.63	3.74
838	3 4 6 12	9.3	93.3%	9.81	4.01
839	2 4 4 7	9.31	89.4%	9.54	4.29
840	2 5 6 10	9.31	88.2%	9.41	4.37
841	2 3 6 11	9.32	90.4%	9.71	4.29
842	4 5 5 7	9.32	82.5%	9.02	4.21
843	4 5 7 12	9.32	87.7%	9.29	3.88
844	3 9 11 12	9.33	90%	9.71	4.31
845	3 8 9 12	9.34	90.2%	9.81	4.4
846	6 6 6 8	9.35	91.3%	9.68	4.16
847	4 5 7 11	9.36	87.5%	9.63	4.9
848	5 9 9 11	9.36	89.3%	9.56	3.82
849	1 6 9 10	9.39	91.9%	9.64	3.71
850	2 4 5 9	9.39	86.6%	9.47	4.59
851	4 7 11 12	9.39	86.5%	9.54	4.63
852	6 6 8 12	9.42	90.8%	9.79	4.16
853	2 2 4 9	9.45	90.6%	9.79	4.29
854	2 3 8 11	9.45	92.8%	10.02	4.02
855	4 9 12 12	9.45	89.5%	9.96	4.24
856	2 6 8 8	9.46	92.7%	9.81	4.04
857	4 4 5 7	9.47	85.3%	9.23	4.41
858	5 6 8 9	9.48	90%	9.78	4.35
859	1 5 5 11	9.49	88%	9.62	4.01
860	3 5 9 13	9.49	91.4%	9.86	3.99
861	6 7 9 12	9.49	86.7%	9.49	4.63
862	3 3 5 9	9.5	87%	9.52	3.98
863	4 7 8 13	9.5	90.7%	9.9	4.25
864	3 7 8 13	9.51	84.2%	9.47	4.77
865	3 3 6 9	9.55	94.2%	10.19	4.03
866	2 4 6 13	9.57	87.4%	9.81	4.89
867	1 5 6 13	9.62	90.2%	10.01	4.6
868	6 6 8 8	9.62	86.1%	9.58	4.37
869	2 3 4 10	9.63	92%	9.99	4.1
870	3 8 8 11	9.63	89.4%	9.83	4.56
871	4 9 9 10	9.64	90.2%	9.93	4.02
872	3 3 3 5	9.65	85.8%	9.36	3.93
873	3 3 7 9	9.66	90.6%	9.86	3.72
874	2 3 9 13	9.69	87.4%	9.97	5.25
875	2 2 2 5	9.7	78.9%	8.93	4.72
876	5 6 9 12	9.72	87.4%	9.79	4.24
877	3 6 9 11	9.74	86.9%	9.75	4.57
878	6 9 10 11	9.75	91.4%	10.05	4.03
879	2 6 12 12	9.76	89.3%	10.36	5.06
880	6 12 13 13	9.76	87.4%	9.86	3.83
881	1 2 5 10	9.77	91.8%	10.02	3.98
882	1 7 9 10	9.77	86.8%	9.72	3.85
883	2 4 5 11	9.78	87.4%	9.99	4.66
884	3 3 6 13	9.78	86.6%	10.07	5.16
885	4 4 6 13	9.78	82.9%	9.34	4.99
886	6 11 11 12	9.79	86.3%	9.69	3.87
887	3 3 6 10	9.8	86.5%	9.63	4.12
888	3 4 8 11	9.8	87.4%	9.8	4.79
889	4 6 7 10	9.84	86.6%	9.99	4.69
890	6 10 12 12	9.85	88.9%	10.14	4.58
891	4 9 11 12	9.86	89%	10.08	4.23
892	7 8 9 13	9.86	84%	9.63	4.24
893	5 7 9 13	9.87	91%	10.31	4.02
894	6 8 9 11	9.87	84.6%	9.72	4.61
895	3 3 7 12	9.88	84.5%	9.85	5.17
896	1 11 11 13	9.89	87.9%	9.85	4.14
897	2 4 12 12	9.89	85.4%	9.9	4.66
898	5 5 6 11	9.89	87.4%	9.89	4.51
899	6 8 9 9	9.89	86.3%	9.97	4.04
900	3 4 5 6	9.9	84.2%	9.87	4.97
901	5 5 5 9	9.92	87.7%	9.69	4.09
902	1 2 4 7	9.94	89.4%	10.22	4.79
903	3 4 4 13	9.95	89%	10	4.11
904	4 5 6 10	9.95	90.5%	10.43	4.34
905	4 6 6 9	9.95	88%	10.35	5.21
906	6 7 8 9	9.96	84.7%	9.62	4.34
907	2 5 8 11	9.97	86%	10.13	5.02
908	1 4 4 8	9.98	89.6%	10.21	5.32
909	4 5 7 9	9.99	86.9%	10.29	4.95
910	1 3 3 11	10	88.2%	9.95	4.68
911	1 3 5 9	10.01	90.5%	10.27	4.38
912	1 5 10 11	10.03	86.5%	9.83	3.57
913	1 8 10 11	10.04	87%	10	3.39
914	2 4 8 9	10.04	84.2%	9.87	4.56
915	2 3 6 9	10.05	93.2%	10.48	4.13
916	1 4 5 13	10.06	88%	10.19	4.42
917	2 2 7 12	10.06	83.1%	9.69	4.34
918	1 5 9 13	10.07	85.1%	10.02	4.69
919	6 7 8 11	10.08	84.3%	9.88	4.81
920	3 4 6 11	10.09	89%	10.34	4.56
921	5 6 7 13	10.1	86.7%	10.35	5.36
922	2 4 6 12	10.11	94.7%	10.97	4.69
923	1 2 8 13	10.13	91.4%	10.45	4.76
924	3 3 6 7	10.13	88.7%	10.52	4.48
925	6 6 7 12	10.13	84%	9.85	4.61
926	2 4 6 7	10.15	90.1%	10.26	4.16
927	7 9 9 13	10.15	88.2%	10.25	4.64
928	5 5 8 10	10.16	81.3%	9.63	3.95
929	5 6 8 12	10.16	88.3%	10.28	4.02
930	4 7 9 13	10.17	84.4%	10.26	5.67
931	6 9 9 11	10.2	82.5%	9.53	4.94
932	6 9 12 13	10.2	88.2%	10.37	4.23
933	5 8 11 12	10.21	87.1%	10.44	4.16
934	3 6 9 12	10.22	92.7%	10.66	4.13
935	5 6 8 10	10.23	87%	10.17	4.29
936	2 7 12 13	10.24	80.7%	9.56	4.75
937	2 5 10 10	10.3	78.3%	9.35	3.84
938	6 11 12 13	10.3	80.2%	9.51	4.91
939	3 4 9 13	10.32	79.7%	9.27	5.16
940	1 6 6 6	10.33	85.7%	9.98	4.95
941	2 2 8 8	10.33	91.5%	10.69	4.69
942	2 6 8 12	10.33	94%	11.04	4.49
943	6 10 12 13	10.34	82.8%	10	4.67
944	1 2 7 11	10.39	88.1%	10.48	4.61
945	1 3 9 9	10.39	85.4%	10.01	3.96
946	2 3 9 10	10.43	90%	10.63	4.13
947	1 4 4 11	10.44	86.7%	10.43	5.16
948	4 5 10 12	10.44	86.3%	10.22	4.26
949	8 8 10 12	10.44	78.8%	9.55	5.48
950	4 5 6 8	10.49	87.6%	10.41	4.24
951	6 7 10 12	10.49	85.4%	10.56	4.68
952	1 2 3 13	10.5	91.9%	10.89	4.76
953	7 8 8 12	10.5	83.9%	10.22	4.42
954	2 3 6 6	10.51	91.9%	10.92	4.31
955	1 3 6 11	10.52	88.2%	10.47	4.21
956	1 2 2 9	10.53	82.6%	9.87	4.5
957	2 6 8 13	10.55	87.2%	10.68	4.95
958	1 3 8 13	10.57	90.5%	10.96	4.99
959	4 4 7 10	10.6	75.4%	8.84	4.35
960	5 10 12 13	10.6	83.5%	10.17	4.4
961	2 2 5 12	10.62	85%	10.4	5.09
962	1 7 10 13	10.63	83.9%	10.3	4.59
963	2 3 6 13	10.63	90.2%	10.79	4.55
964	3 4 6 8	10.63	90.9%	11.18	5
965	3 9 10 13	10.64	83.2%	10.71	6.14
966	3 3 4 11	10.67	88.7%	10.8	5.4
967	1 7 9 11	10.68	85.2%	10.38	4.18
968	1 9 10 13	10.69	83.2%	10.16	4.33
969	2 5 7 7	10.7	82.9%	10.34	4.67
970	1 2 6 10	10.73	87%	10.67	4.85
971	1 5 12 12	10.73	81.5%	10.01	4.77
972	4 4 8 12	10.75	92%	11.38	4.85
973	7 7 8 11	10.8	80.6%	9.94	4.38
974	1 3 7 10	10.81	86.5%	10.75	5.08
975	5 6 6 8	10.81	81.6%	10.4	5.76
976	2 3 4 7	10.83	86.9%	10.72	4.82
977	3 3 9 12	10.88	87%	10.87	4.77
978	3 5 7 10	10.88	84.9%	10.59	5.05
979	3 4 6 6	10.89	90.6%	11.13	4.54
980	6 8 8 12	10.89	88.3%	11.18	4.88
981	2 3 10 12	10.92	86.4%	11.07	3.99
982	2 6 7 11	10.93	82.8%	10.44	5.02
983	1 2 7 12	10.94	77.8%	9.5	5.45
984	4 10 12 13	10.97	81.4%	10.13	5.35
985	5 8 8 8	10.97	80.3%	10.38	5.17
986	3 4 8 12	10.98	88.2%	11.01	5.32
987	5 9 12 12	10.98	83.1%	10.7	4.7
988	2 3 3 10	10.99	84.8%	11.16	4.82
989	2 3 4 9	11.01	88.4%	11.07	4.66
990	2 5 6 6	11.02	78.2%	9.77	5.42
991	5 5 8 13	11.03	80.8%	10.53	4.4
992	2 2 8 9	11.04	87.3%	11.31	4.89
993	2 4 5 6	11.06	91.1%	11.55	4.45
994	2 4 6 11	11.06	85.1%	10.88	5.35
995	4 4 9 12	11.11	78.3%	10.08	4.67
996	1 5 6 7	11.12	88.8%	11.41	4.56
997	3 4 6 9	11.14	82.8%	10.61	5.34
998	4 8 11 13	11.15	82.7%	10.36	5.07
999	5 8 10 11	11.15	87.1%	10.85	4.72
1000	7 8 10 10	11.18	79.3%	10.45	4.86
1001	3 3 5 12	11.21	86.8%	11.3	5.09
1002	4 9 10 13	11.21	82.6%	10.65	4.75
1003	2 3 4 5	11.22	84.6%	10.84	5.48
1004	3 6 7 13	11.22	82.6%	10.57	5.89
1005	2 4 4 6	11.23	90.1%	11.55	4.61
1006	2 4 9 12	11.23	87.3%	11.25	4.77
1007	4 8 9 13	11.23	82.9%	10.6	5.93
1008	4 4 5 11	11.26	84.9%	11.23	4.8
1009	3 7 8 11	11.28	83.1%	10.92	5.48
1010	6 7 9 9	11.28	80.8%	10.57	5.81
1011	2 4 6 8	11.29	93.2%	11.73	4.45
1012	3 3 6 12	11.32	87%	11.46	5.94
1013	1 3 4 8	11.33	89.6%	11.47	4.54
1014	8 9 9 12	11.34	82.6%	10.8	4.74
1015	3 3 5 13	11.36	85%	11.22	4.59
1016	4 5 6 13	11.37	78.1%	10.04	4.97
1017	1 4 7 7	11.38	85.5%	11.27	4.62
1018	4 6 7 12	11.47	81.4%	11.11	5.29
1019	4 6 8 13	11.48	81.1%	10.76	5.06
1020	3 7 9 12	11.49	85.9%	11.53	5.56
1021	1 6 7 9	11.51	84.4%	11.27	4.65
1022	1 4 8 9	11.53	89.1%	11.74	4.93
1023	2 3 5 7	11.53	88.9%	11.6	4.96
1024	1 3 7 7	11.54	85.4%	11.35	4.56
1025	2 7 9 11	11.54	83.3%	11.13	5.19
1026	3 5 7 9	11.54	86.2%	11.32	4.78
1027	6 8 9 12	11.55	86.6%	11.6	5.04
1028	4 8 8 10	11.58	85.7%	11.57	5.47
1029	2 5 11 12	11.6	77.3%	10.18	5.25
1030	2 6 10 13	11.6	84.8%	11.24	5.47
1031	3 7 9 11	11.6	88%	11.72	4.77
1032	1 3 7 12	11.61	85.5%	10.93	4.95
1033	2 9 11 13	11.62	82.4%	11.19	5.3
1034	2 3 7 13	11.64	86.3%	11.48	5.16
1035	1 5 7 9	11.68	84.5%	11.16	4.88
1036	3 5 6 10	11.7	85.7%	11.54	5.57
1037	3 3 3 11	11.74	78%	10.58	5.33
1038	3 5 10 13	11.76	82.7%	11.04	5.38
1039	4 6 6 12	11.76	86%	11.47	5.75
1040	7 8 9 10	11.79	79.9%	11	5.31
1041	5 8 10 12	11.83	84.3%	11.15	5.04
1042	2 5 8 10	11.85	82.8%	10.94	4.78
1043	5 5 8 12	11.85	79.8%	10.94	5.03
1044	4 5 5 10	11.86	81.2%	10.95	4.44
1045	1 3 3 6	11.88	87.2%	11.75	5.11
1046	2 5 7 13	11.93	83.7%	11.66	5.56
1047	3 4 8 9	11.96	88.2%	12.16	5.03
1048	4 9 10 11	11.99	77.4%	10.52	5.66
1049	2 3 5 13	12.01	85.6%	11.82	5.32
1050	1 5 8 11	12.05	89%	12.35	5.53
1051	2 5 5 7	12.05	82%	11.53	4.83
1052	2 5 7 11	12.05	82.6%	11.51	5.7
1053	4 10 11 13	12.09	76.4%	10.46	5.53
1054	6 9 9 12	12.1	87.3%	12.1	5.81
1055	7 10 10 12	12.1	78%	10.87	5
1056	2 6 6 7	12.11	78.6%	10.64	5.5
1057	6 9 10 12	12.12	80.6%	11.27	5.92
1058	2 3 6 12	12.15	91.1%	12.59	5.13
1059	4 4 6 9	12.15	77.3%	10.36	5.5
1060	3 3 6 8	12.16	75%	10.31	5.52
1061	2 4 4 5	12.17	82.1%	11.24	5.14
1062	7 9 10 11	12.19	77.4%	10.71	5.21
1063	2 2 2 7	12.22	73.5%	9.5	5.66
1064	2 4 4 10	12.24	89.7%	12.29	5.07
1065	3 3 3 4	12.24	82.6%	11.54	5.99
1066	1 4 5 7	12.25	88.1%	12.39	5.24
1067	3 4 9 9	12.31	84.3%	11.96	4.97
1068	5 7 11 13	12.41	71.1%	9.95	5.15
1069	3 5 11 12	12.44	80.2%	11.25	5.68
1070	6 9 11 13	12.45	72.8%	10.11	5.83
1071	4 4 7 8	12.47	84%	12.23	5.54
1072	3 3 9 13	12.48	74.8%	10.51	5.84
1073	3 5 6 11	12.48	82.5%	11.79	6.46
1074	4 6 9 13	12.49	85.5%	12.47	5.11
1075	1 5 8 13	12.5	80%	11.31	5.65
1076	4 4 6 8	12.5	84.2%	11.99	6.4
1077	2 4 5 7	12.56	78.5%	11.19	5.57
1078	4 4 6 10	12.57	87.4%	12.6	5.34
1079	4 5 8 13	12.57	78.2%	11.22	5.85
1080	7 7 9 10	12.57	75.8%	11.22	5.18
1081	2 4 8 13	12.59	82.3%	11.97	5.82
1082	1 4 5 9	12.62	82.2%	11.76	6.39
1083	5 6 10 12	12.65	75.9%	10.79	5.37
1084	5 7 7 9	12.69	74.2%	11	5.06
1085	2 3 3 3	12.7	82.4%	11.76	5.93
1086	4 7 10 12	12.71	79.6%	11.29	5.49
1087	1 4 6 6	12.72	80.2%	11.6	6.23
1088	1 4 7 9	12.72	82.3%	11.99	5.1
1089	2 5 10 13	12.74	82.1%	12.2	5.75
1090	3 3 5 10	12.74	83.1%	11.96	5.26
1091	2 3 8 8	12.77	80.7%	11.75	5.63
1092	4 4 5 12	12.82	79.2%	11.39	5.85
1093	4 8 12 12	12.84	85.8%	12.19	5.8
1094	1 1 6 9	12.87	80.8%	11.12	6.32
1095	6 9 11 12	12.87	76%	10.94	5.94
1096	2 2 2 9	12.91	76.8%	10.86	6.27
1097	3 5 6 13	12.93	76.2%	11.16	5.43
1098	1 5 6 11	12.95	81.3%	11.88	6.44
1099	5 9 10 13	12.97	78.2%	11.51	5.85
1100	1 4 5 8	12.98	83.1%	12.35	5.6
1101	5 7 10 10	13.02	77%	11.94	5.23
1102	6 7 7 10	13.02	73.2%	10.68	5.19
1103	5 5 7 10	13.07	73.8%	11.27	4.86
1104	2 7 10 11	13.13	79.3%	12.11	5.98
1105	2 8 10 13	13.18	81.1%	12.48	5.91
1106	3 5 7 8	13.19	85.8%	12.87	5.87
1107	4 10 10 12	13.2	78.7%	12.02	6.23
1108	2 3 5 10	13.23	80.3%	12.01	5.34
1109	1 3 6 10	13.26	82.2%	11.96	6.8
1110	6 8 11 12	13.26	77.9%	12.12	5.65
1111	4 5 8 10	13.33	76%	11.25	5.93
1112	7 10 11 13	13.33	73.6%	11	5.75
1113	3 8 9 11	13.37	80.3%	12.52	6.74
1114	6 12 12 12	13.47	76.9%	11.51	6.55
1115	6 7 10 10	13.51	71.4%	10.36	5.62
1116	2 3 7 8	13.61	80.6%	12.55	5.53
1117	2 10 12 13	13.63	81.5%	13.01	6.01
1118	2 2 5 9	13.75	74.5%	11.61	6.2
1119	2 3 8 9	13.78	81.4%	12.78	6.21
1120	2 4 7 9	13.84	80.7%	13.09	6.34
1121	3 5 9 9	13.87	79.4%	12.89	6.12
1122	3 3 9 11	14.06	79.2%	12.93	5.55
1123	4 5 8 11	14.06	74.1%	11.54	6.49
1124	3 6 11 13	14.11	73.3%	11.13	6.62
1125	3 5 12 12	14.12	67.1%	9.46	5.56
1126	5 7 9 11	14.12	71%	10.96	5.86
1127	1 3 7 9	14.16	80.3%	12.66	5.43
1128	4 4 5 13	14.17	73.5%	11.8	6.98
1129	3 4 4 11	14.19	76.6%	12.49	6.28
1130	3 3 4 13	14.2	77%	12.2	6.73
1131	2 4 9 10	14.24	79.2%	12.97	5.95
1132	3 5 5 11	14.25	79.1%	13.14	5.49
1133	5 5 9 11	14.26	71.3%	12.11	5.06
1134	6 10 10 13	14.3	69.6%	10.64	5.86
1135	3 3 8 10	14.31	80.2%	13.5	5.53
1136	3 4 4 10	14.33	77.2%	12.06	6.61
1137	2 6 9 12	14.35	82.8%	13.48	6.4
1138	2 6 12 13	14.38	78.9%	13.33	5.78
1139	4 6 9 12	14.39	77.7%	12.52	6.96
1140	2 5 9 10	14.45	78.5%	12.96	6.09
1141	5 9 9 12	14.45	75.9%	12.77	6.53
1142	1 3 5 6	14.46	86.3%	14.11	5.88
1143	2 5 9 11	14.5	76.7%	12.85	6.67
1144	1 5 11 12	14.51	71.5%	11.25	6.12
1145	3 4 7 12	14.56	82.5%	13.91	5.98
1146	5 6 6 12	14.61	80.9%	13.35	5.93
1147	2 2 7 7	14.67	70.1%	11.11	5.87
1148	4 4 4 10	14.67	76.8%	12.63	6.43
1149	3 4 10 10	14.73	75.6%	12.79	6
1150	4 7 8 12	14.73	79.6%	13.7	6.58
1151	2 2 5 10	14.76	78.5%	13.38	5.74
1152	4 6 8 10	14.81	76.9%	12.44	7.39
1153	3 3 9 10	14.83	78.1%	13.49	6.04
1154	7 9 12 12	14.83	64.2%	9.2	5.32
1155	2 2 3 4	14.86	77.5%	13.09	6.12
1156	5 7 8 10	14.91	71.3%	12.09	5.57
1157	3 6 8 12	14.97	80.5%	13.76	6.22
1158	3 6 8 13	14.97	81.1%	14.24	6.15
1159	7 7 7 12	15.04	65.6%	8.85	5.99
1160	2 4 10 11	15.1	79.3%	13.93	6.45
1161	3 6 6 13	15.17	72.8%	12.05	6.38
1162	5 5 5 12	15.17	67.7%	10.16	6.33
1163	1 4 4 6	15.24	79.5%	13.48	6.74
1164	2 6 11 12	15.27	78.4%	13.8	6.21
1165	2 5 8 8	15.33	70.8%	11.52	6.44
1166	1 5 5 10	15.41	71.2%	11.57	6.97
1167	4 7 8 11	15.45	69.7%	10.67	6.56
1168	4 5 7 13	15.47	72.7%	12.39	6.19
1169	2 3 8 10	15.48	82.1%	14.83	6.57
1170	2 5 5 9	15.66	78.2%	14.32	5.98
1171	5 7 12 12	15.69	65.8%	10.31	6.16
1172	1 3 12 13	15.72	75.7%	13.52	6.67
1173	1 3 8 10	15.77	71.2%	12.15	6.39
1174	3 3 8 13	15.79	69.7%	11.35	6.21
1175	2 3 6 7	16.01	80.8%	14.96	6.53
1176	2 2 6 7	16.08	72.8%	12.94	6.82
1177	6 10 11 12	16.08	69.7%	12.79	6.04
1178	5 6 9 13	16.1	69.1%	12.38	6.04
1179	6 8 9 10	16.1	71.6%	12.56	6.93
1180	2 6 6 9	16.14	73.2%	12.88	6.39
1181	1 3 11 12	16.2	75.9%	13.79	6.82
1182	4 9 9 12	16.3	71.8%	13.39	6.48
1183	3 10 11 13	16.44	71.4%	13.26	6.27
1184	1 4 10 12	16.53	71.8%	12.76	6.5
1185	5 5 6 8	16.53	78%	14.84	6.47
1186	2 4 4 9	16.54	73.4%	13.29	7.18
1187	3 9 9 13	16.58	67.1%	12	5.98
1188	8 8 8 11	16.62	63.6%	10.11	5.91
1189	6 6 6 10	16.75	66.3%	11.31	6.33
1190	2 6 10 11	16.79	72.8%	13.72	7.02
1191	6 6 9 10	16.81	69.9%	13.12	6.65
1192	10 12 12 12	16.84	64%	10.19	5.71
1193	2 3 7 10	16.89	77.1%	14.95	6.83
1194	2 7 10 10	16.91	68.3%	13.31	5.82
1195	2 3 7 7	17.14	76.3%	15.29	6.66
1196	2 2 9 12	17.16	73.2%	14.91	6.39
1197	5 7 7 10	17.16	68%	13.14	6.45
1198	3 5 7 12	17.2	71.1%	13.88	7.61
1199	9 9 9 12	17.21	64.3%	9.56	6.52
1200	3 5 8 9	17.35	75.9%	15.61	7.49
1201	3 6 8 10	17.35	67%	11.9	6.75
1202	3 9 9 11	17.46	70.5%	13.45	7.29
1203	2 8 10 12	17.6	79.8%	16.23	7.4
1204	3 8 9 13	17.7	73.4%	15.25	7.06
1205	2 6 7 10	17.76	70.1%	12.86	7.21
1206	3 4 8 13	17.82	70.3%	13.61	7.55
1207	8 10 12 13	17.99	67.6%	14.24	6.21
1208	2 6 9 10	18.27	69.9%	14.7	6.83
1209	3 5 12 13	18.29	68.3%	14.47	6.54
1210	2 6 8 9	18.53	72.3%	15.56	6.6
1211	4 5 6 9	18.53	75.2%	16.52	6.97
1212	3 5 9 10	18.61	68.3%	14.12	7.41
1213	2 4 7 8	18.86	76.4%	16.64	7.09
1214	4 8 9 12	18.96	72.5%	16.32	6.81
1215	1 3 3 8	19.08	74.4%	15.58	7.78
1216	2 2 4 12	19.08	75.1%	15.02	8.97
1217	2 2 9 10	19.15	65.5%	14.18	7.32
1218	2 3 10 10	19.28	69.3%	14.47	7.53
1219	2 3 11 11	19.28	68.7%	14.74	7.62
1220	2 2 4 4	19.34	72.2%	14.92	8.1
1221	6 8 8 9	19.46	63.1%	11.67	7.17
1222	2 7 10 12	19.48	70.2%	15.93	7.06
1223	8 10 12 12	19.64	63.5%	11.6	7.33
1224	6 8 10 11	19.67	64.9%	13.45	7.07
1225	2 3 9 12	19.72	67.6%	12.88	7.32
1226	7 8 8 10	19.79	61.2%	12	7.54
1227	10 10 10 12	19.84	61.6%	10.15	6.75
1228	3 5 10 11	20.2	69.8%	15.93	8.3
1229	1 5 7 10	20.41	69.2%	16.23	7.66
1230	5 9 12 13	20.41	64.5%	15.64	6.98
1231	1 2 8 10	20.52	67.9%	14.92	7.66
1232	1 3 8 11	20.52	73.4%	16.84	8.33
1233	2 7 12 12	20.6	62.9%	12.22	7.42
1234	2 3 3 5	20.79	69.6%	15.56	8.39
1235	9 11 12 12	20.79	59.6%	10.8	6.48
1236	1 6 10 12	20.88	66.1%	13.92	7.77
1237	3 5 7 11	20.91	64.3%	14.3	7.66
1238	3 6 9 13	20.93	69%	17.14	7.56
1239	4 4 8 9	20.96	69.6%	16.73	8.25
1240	2 3 5 8	21.14	72.9%	17.78	7.62
1241	3 3 7 8	21.25	68.4%	16.75	8.04
1242	4 5 7 10	21.59	63.8%	14.29	7.8
1243	5 7 10 13	22.37	61.6%	16.37	7.29
1244	2 9 10 10	22.54	60.5%	16.54	7.38
1245	2 4 5 10	22.81	67.3%	17.39	8.18
1246	2 3 6 8	22.87	75.3%	20.03	8.79
1247	3 4 5 13	23.16	66.1%	17.63	8.44
1248	5 9 11 13	23.2	61.2%	16.57	7.56
1249	1 5 9 12	23.59	62.8%	13.97	8.65
1250	2 5 10 12	24.26	64.1%	17.8	8.5
1251	2 4 5 5	24.29	60.6%	15.05	8.26
1252	3 4 4 4	24.31	67.3%	17.7	9.73
1253	2 2 5 8	24.34	63.8%	16.71	9.19
1254	6 6 7 11	24.39	58%	12.96	8.05
1255	5 6 6 9	24.4	59.2%	13.94	8.56
1256	3 4 7 8	24.43	61.6%	14.24	8.2
1257	5 7 9 10	24.45	61.6%	15.67	8.73
1258	4 10 11 12	24.59	63%	17.46	8.85
1259	3 5 10 10	24.86	54.5%	12.31	6.57
1260	8 8 9 12	24.96	56.7%	12.71	7.57
1261	8 9 11 11	25	58.4%	15.79	8.39
1262	4 9 10 12	25.03	62.2%	16.9	8.92
1263	2 2 6 11	25.15	62.2%	18.38	8.56
1264	4 7 8 10	25.94	63%	18.75	9.06
1265	5 6 7 9	26.21	60.3%	16.08	9.07
1266	3 9 11 13	26.33	57.4%	13.86	8.31
1267	2 6 9 9	26.37	58.1%	14.1	7.92
1268	2 3 13 13	26.81	58.3%	17.5	9.48
1269	1 7 12 13	26.97	56.8%	14.9	9.14
1270	4 10 10 11	27.48	54.8%	19.19	8.93
1271	1 4 9 13	27.53	61.1%	18.5	9.75
1272	3 4 5 11	27.94	63.2%	20.4	9.79
1273	3 3 6 6	28.01	58.5%	14.2	8.4
1274	6 6 9 13	28.5	54%	13.13	8.19
1275	4 5 9 12	29.07	60.9%	22.03	9.98
1276	2 2 7 10	30.48	53.4%	15.93	8.45
1277	4 4 7 13	30.52	53.9%	15.05	9.33
1278	2 3 7 9	30.53	57.4%	18.2	10.05
1279	1 4 6 10	30.96	56.5%	18.74	9.26
1280	2 5 12 13	31.05	57.9%	22.23	9.81
1281	3 6 7 10	32.35	57.3%	21.88	10.41
1282	2 5 8 12	32.56	54.8%	17.7	9.71
1283	1 2 7 7	32.59	55.3%	17.28	10.47
1284	2 2 3 10	34.44	55.5%	18.13	10.15
1285	3 8 10 12	34.45	53.4%	20.47	10.33
1286	6 7 11 11	34.91	46.4%	19.8	10.14
1287	2 5 7 9	35.16	52.9%	23.6	10.42
1288	7 9 11 12	35.3	50.1%	17.25	10.3
1289	2 4 7 7	35.36	50.9%	17.15	9.62
1290	2 2 6 9	35.86	52.2%	17.83	9.96
1291	4 7 9 11	37.4	51.4%	22.84	11.31
1292	2 2 3 5	37.71	51.8%	15.2	8.71
1293	3 6 6 10	38.42	50.4%	18.31	10.54
1294	5 5 8 11	38.62	45.8%	24.1	10.77
1295	5 10 10 11	39.89	41.9%	14.81	6.97
1296	7 8 9 12	40.48	48.7%	15.97	10.05
1297	1 5 11 11	41.18	43.4%	15.88	9.69
1298	1 2 9 11	44.7	45.2%	22.19	12.02
1299	1 5 5 5	44.95	43.7%	11.9	7.23
1300	4 9 11 11	45.73	43.4%	25	13.69
1301	1 7 13 13	46.57	41.9%	13.99	8.4
1302	5 9 10 11	46.96	42.8%	27.91	13.25
1303	3 3 7 7	47.05	41.3%	12.41	7.17
1304	5 10 10 13	47.29	38.8%	17.22	8.05
1305	6 7 7 11	48.5	42.2%	27.55	14.41
1306	3 5 8 13	50.08	41.6%	30.32	13.66
1307	8 9 10 12	50.75	42.7%	22.01	14.01
1308	2 5 6 9	52.24	44.2%	26.89	13.25
1309	1 6 11 13	53.47	38.5%	18.57	9.9
1310	4 4 7 7	54.4	39.4%	14.43	7.95
1311	1 3 9 10	54.42	40.9%	23.19	12.09
1312	4 6 6 10	55.51	40.3%	22.85	12.21
1313	6 12 12 13	55.85	38.2%	15.02	8.11
1314	5 7 9 12	56.29	40%	17.86	11.35
1315	2 2 11 11	56.32	40.3%	13.07	8.48
1316	4 6 7 9	56.9	42.4%	19.45	11.94
1317	4 5 6 12	57.54	44.2%	21.62	15.79
1318	4 4 10 10	58	39.9%	13.28	8.97
1319	4 5 6 11	60.01	38%	19.23	10.61
1320	4 7 11 13	60.88	37.1%	31.03	16.47
1321	3 5 8 12	61.29	38.3%	28.14	13.42
1322	3 4 6 13	62.93	40.4%	20.31	11.49
1323	6 7 8 12	63.12	40.7%	16.61	11.81
1324	2 4 11 12	63.23	39.4%	23.45	13.06
1325	6 11 12 12	63.38	36.6%	15.37	8.8
1326	2 2 13 13	63.54	37.4%	14.01	8.18
1327	5 7 10 11	63.65	35.5%	23.72	13.08
1328	5 8 9 13	64.28	35.1%	34.99	16.33
1329	2 7 8 9	66.52	40.2%	18.27	10.77
1330	5 6 8 13	66.77	36.7%	22.72	11.38
1331	7 10 12 13	67.34	37.6%	22.36	12.56
1332	2 2 6 13	70.35	33.4%	30.67	16.23
1333	5 6 9 11	71.11	33.3%	26.17	14.87
1334	1 4 7 11	71.9	35.6%	29.6	16.22
1335	6 9 9 10	79.85	31.5%	32.45	18.03
1336	2 5 7 8	83.59	32.9%	28.84	15.6
1337	7 8 8 13	84.03	29.5%	27.02	14.85
1338	5 7 7 11	85.06	27.5%	25.87	12.86
1339	4 8 8 11	85.75	30.1%	23.47	13.95
1340	4 8 8 13	87.46	29.3%	24.35	13.75
1341	3 3 7 13	88.18	27.6%	33.38	18.93
1342	3 8 8 10	88.8	29.2%	25.23	15.74
1343	7 8 10 11	89.48	30%	24.17	14.06
1344	2 7 7 10	89.87	27%	26.79	12.66
1345	2 3 8 13	89.92	31.9%	23.74	12.75
1346	5 5 7 11	91.1	26.3%	25.78	13.05
1347	2 2 10 11	95.34	30.3%	26.25	17.3
1348	3 3 8 8	98.33	31.2%	15.46	10.37
1349	1 6 6 8	98.77	29.8%	21.74	13.15
1350	9 11 12 13	99.38	27.8%	22.23	13.05
1351	3 3 5 7	100.98	29.2%	28.71	17.65
1352	1 8 12 12	102.88	29.1%	20.58	13.1
1353	3 6 6 11	105.44	27.3%	24.88	15.26
1354	2 9 13 13	106.8	25%	31.15	19.35
1355	2 4 7 12	107.68	28.2%	29.36	16.46
1356	2 4 10 10	109.74	25.8%	28.77	18.43
1357	3 7 9 13	110.45	25.9%	40.32	21.75
1358	3 5 7 13	119.96	23.9%	39.06	21.27
1359	2 5 5 10	188.06	21.9%	24.07	16.32
1360	1 4 5 6	197.72	28.5%	18.2	11.57
1361	1 3 4 6	200.56	26.9%	19.79	11.88
1362	2 3 5 12	208.38	20.5%	29.7	21.94
